$ANSIBLE_VAULT;1.1;AES256
38353434356638616263396132383635383764663439353963326130356361633738353933633539
3035326663623564333963613230303164343165323931370a363861633431383938336561636332
63363231633431363631313333343439656266393935383565333138613535346466363632396364
6634343638626338320a613139626166653862323637613033353031373462363364623536386232
63313739373830366539656133363930623065346136623164343033326665373037663364396262
37303765623364313332336538326432323064303839383062646638313537363331326635303263
65383634643635386233386666313463343334336135653631393563633233373931343334356134
33373937616331353031303230316333386236336235626130656536653831363230646139626562
65633661373061353466353837346265626539353930353737303936656462303263343866636137
64306363343931346237633963323733363163613832613738353631313034663837316666306433
66343864626630323930323761313566613539346138633534626631323733633235643935346435
32616132346539376234646636336365333238343062353530623932613334623330373732623237
32333830373866643863643363333730346631653239393466633930663233326431316630373362
62393930663932323035643039306238633033313963333136616463303964633637663235663739
37383265626138386230656363626466663636373066386663663661633736656363623338343261
33336231346330633830653733633361656133343634376565616637343833363764636166353234
62316465333736633837626663356237633337323830306632366536663235656534666335643539
66343237393665393265663234666166666630666162346561636130663865366561633562343265
63646561336430633335643462393030306666636438623235643834323761666237643135623438
30623437313662663237313862303565376132343033373735363937353834623062646531323763
39373266336361383865623331643134643861333438346332366431396634653064396661326433
33626538656233643132653636303062653262396632386663303862646263363930393331656534
64323262643037306438306565323665643565633963376266653664346465323063376363386566
33646635353666303639323038623833393564646630303237303434373264346234373239383363
34343131643566323165363162383563343164383736383239316364623435323438623031636238
39323835623039353336393835313331666165313732333731353837613764656334636430333463
30373966303163636530656239633730393431393638353433613961373166383363313632616534
35626331366565313734636636363530326439393234656336396334363161363538396438306463
64373834656636323036643138313930663131316233633062353661633934306630373031363034
34623662666663373933363533626662633762303236653937666334323031643130326432623061
33636539633437326138313161346630633132383139306635336235626135326335373533623335
32356234653465653537396564633861343065333530386336386634643266376561613064623930
61643931323364363232353966366138613333653439643833323835313466376331623365353361
65303030653662343130313464666632663765386535633065323363636161636262623437616335
63303763356364666133653862373234623061376436303164303963396261346463663539636338
61333639626637646333343539353462393764356637313834303363623766613739393930336162
36373433373431366131306464333763353638633961353063353663623865633139613937623163
61313963336639303138646164643565396431393962623835383339303164653066663734663661
64663462633234633862663135313264393636383033636463653633656366343865613661373463
37633534363233646537623038633564306339653331326233366232616634323633393438323162
38303930386462343037303031303138373061393731316338366538613636393533353437366363
31366431616435653563383439643463633430396239643539343034623830313066653933326438
39373265393632393333303562373165653338373735633737366136653839663330396463316533
31363062336133373332313430623731643464656637646131356231663464323432613533323332
66396633636238303734646536643237346339393533393661353435303265376465343731333036
32303133306238306566396231326333346130376331373234363461616365653833343335363262
64666539663862396162323632313333306130353435316431656131393033663935356235316634
62393133373537626463633933313864333162646237316137623564386333666233373065303437
34353634396565366664663965336162333236666438653635373330623766366632663736663933
66653734333034643964333363363034323663323735633631313861313131393334323330393863
35636235373062373534393563626639623132623465616638363062666464333730326335613536
65653261356636633036613561313266656466393533353066636238306234626662323139306534
39396337316432383134663930353534343865613338653536343837393262616135656664663136
30626366366337376532313631306432383763303835373234626438366266373239326536323434
63393761666430326362623165343035346536613033386433333232363262646139636461326539
32333761333330623563626331393363666333383865313031323264666161363864313130613531
39313661643162363735383961643833656161326662663166333363313839326663333964346231
66646433316566343638613938613464383331306466646235353164333136303663623063326332
30376633313235653739396638323061663961383466336364363036343931383464633866313534
32383334326164383935343661613831373464613131353837313866613766376464303964353464
30663833313366396161303735363061633437666231333265373430323235393464343164653163
64313335663537303265373838373636373236316565643761323765396565396538323262373733
64616662356432333063393364643563613964616465363136373938656634643433353962393235
31616238346533313564326564383334633137646263346564626266663635363733353063666332
36346631383936613539393834363565363761306161353832333339343233646235356362376336
63383561666535613830386662626439336262383863666232303164636163616163643364323135
38333961326363303463376163363764383932363934613634313635383038666665616563656230
34313731346565393835623361643966653161353562373138326636626663373131633562616337
32333934393365383637376531633238373831333537326262353935613434303233653465633433
31356434343232323533623030656437326330346533376365343238323834386564343063396361
65383737326136353032363739653234323863393064333834343361396132353739633533663834
33306533383763613930336364626430306535636431646330363238366161613932356539616630
35376364653330323766623530363661636438353834313438663261626235323165393338376238
34383066666161363337376336663237663931623961306564396630626465656230383163666437
65323363643335303133623763353933396338643663356265346633633465373731623238666635
37306137323661353961376134333030636138623062343866313139656631383537373134383831
62343862316365353336326134396634653937323365353064623863386637636134353536393938
30613838353235323562663639643531366635626662613333316163303839633463666638323836
38663130333630313562653665623135363633326632313163323132386233663839313935386362
63656131353931663666313637383963363231316436343734396162323166376162666134646366
31326364386666616636356166323063383361643265663061313436316639396539643631333864
32626261633639386539373433386634393165636236633530633662386339386630313238316261
30316465613434393430303833313661646232396231626566333337333534326232306632613933
36666363343462356661363233333861323536663966316636323035306232313062383837386164
39633265323834316633666232323036626461663366306463663734393031343037633837643137
37636336323932383032316333663739333830643438343733653661633738633339336336363638
39316263623636333964663930386633343666323533333964643336663765343962623438323061
65336436376566613864313536336434386135363965316434306530633963386362663732316334
39396535323164376336643338613433316565356638313538646466333065656335666130346236
63616435326233326335633764343432303533356536366663653236323064336661373166333737
35623931353132336338343033363164643936393435363833383739303064306161396432333437
38313965643334646635636636623663373061373638626161656537666235373836306561323333
35313962623061316531323434393763366661323439353364656336343763363835303865666164
37373238343231616332333631303664376662303164393434656362356535366166333134623137
64346334306133646337383134326636316339666434386430393331663033613734303832383236
39646434383739626661303733623431613863353538653762353766353564363634326130353964
61633464613835636263383439316337386265363765333735353433633034356436656533386561
36306264373165636236306637666538333133323864626532303237613865323735373433383066
32303830663035316161316638326664643562636561383637306139346465333962383332373937
33313561366433366561313137376166666265366366353065386664383635356230343566393164
37383665666162613930396463646563653133336366386466643632666563383731393965383831
39343934303531643937356335366432336164393164613639326630373735383934333431646562
65323764336466373834373036306635646263626530303832626430316663656635633735626639
34626432363263313338346434633037373939373163633166306263313239623332376639656666
37346562333761333861393563383837336664383236643764353732643966303037353635333530
33386164313163386633633763613836303036323266346364663665643666653830313262643863
39353865333131666336386131663163373563323636663937393539336536383032363238646230
66333963326563613034346237343337306436653531303830386662323662333737633763336230
37376565663233653763636133353263343137353831303635666335663637343836666431663431
35363433366439653264353130313437633733616665353431353833366332623961343966633166
33343739343964646131633433393563386436303939343737623331376264326438646261623233
61623564633831613465633961333430613465666466393337326262356630646138343733353934
61616633316537396431336431303431346332316164663533646330623262666338323761373365
34646331323334313863623966383238653066356466396234373562656239336232633330313536
64333637656664633339623564623639373363633835636134343663303535346661633832343134
35343930613731636131646566386137653563663533626232336536613363613931653232343035
62663038643934616463306331306538353763376531333964353463346237383234663365383062
66313136323565623236646634643866383732303635346563346236653131663166343364313561
34363134616465346364346133356665306563646233383031646166333762363436623163613334
33313866346161396131613532626465623763333835386561356430656661313832396632333239
34323466656130633365333432653666626238306531666433666561616361383231623166323739
34646366633062383332363434333636373836346638616362386230346634623935623265316561
62396534663934313733666462363565646337363832633935323363633366353066373365663537
65636566363965333166306465306239653863396664646134306433383632386434393633363639
33653233396234343236643065656539303333393761323832386536303035633661343862333461
62383066393066343433663039626264316365333738313036376139333062633237363434303964
66333165326335646161353534633962663236373837626366383566663938373234366231323832
63363839666437653030313438333264393335383366653234316236383864306130346661656663
30393539643438383738663965633032613364353937353365313966656134383531616431613563
61316238393665633863383938623639343566393736333934663933363462343634383837343865
39323533663864333962356332333161636332393863313031323164363036396631616531346662
63623163613561343031626235383035333436323166633433356132303466373932346538666135
65353034386638356465316530326664343731356134326634306333383831666461323131373432
30653233343437323564323465333433643532613961376564623437663962386232633365323563
65643561336132626535326565616133386233346133336432386137313135336462643364633865
37623836663735633839643336663831316136393038646131613639306334393464373464363262
63346530633134376438316535653939313065386664333133373637663062626135373037396432
37356136663934373861393664306533303836316363326635616232613037313732656432626437
65653566376533623033346135373366616165623035356265336639653765303064336337636134
39333531643961613438646337643336313064633162623233383265373366663664613765353537
39613438666132623262373339646330363633383330616130643334626133663766366435663933
32393663383361626662303631313934343062316265326434306563373362393830306330376130
31313636633230663438656464353565363438646163666636353665636335666264373366343234
34383462636531343662616232653637363766383564353033653134383230373361653231653665
65383662666632383964663431656238396637363166366537393464383835306363303036356437
37643431393565663830363134316163626531333961356439363934653733646461653634333465
36316639346562646634306562373462663338323730633332323130303763306532303739353663
31616534646239343832373032393964346363353436383764626132626337366366623765313064
61316435393865303737333439663137313963326565616434393436616564326663323634613063
36653632326230356262306630343731343831643938656465373638363962393436613539643732
36393530313632373262616561396265666330623830383537353531396235666236623139373839
66373964636638656536623032333065626438643432396363323164663132623339313930623730
65636332356234373739353263666237346366396237393535323061383261343935356335653461
66333639636238663939383038643838313937326530343136663861643330353939623763333435
30353364613531613238366539613431313634373935353133663439303661656665613061633034
33323335386538636663353135663235363635303934616161313834383631343033656533393763
66316263356138303138666530623435363732343064376433656232363134303534313430376533
36346438373064343237313739323731383065623238313634656466663064643466636133646161
38623138666431316233643931346265396537623538393463333466663438393931343934643231
38346430663861373235306464313162393934373066323537323734653162663130643263383931
66633834373864373235643831396437633332343331393462663933663332333739613533393539
33346361383965366231616432316139643863316466316266313861663932383264656339336436
39316434386361363237656161393037623465643338373466346430616463626139313266646538
34633231666530623465313464643437643933633830656165323563333266333530343736663836
31633737643731353436396130636434363361366263313462373939346137313163643132393536
32303564626430383366656539376463323364313134643135306662656437616561666135343332
33636263663863333039393565663634373634323162313130613361343935646163333138623738
63346465306663323536313231343737343161333765306538323034656236326134613263643036
36613465616365643361313333306362613936343433656435333037663464373838613862326136
61626639653637356661323738636662333133666238663064623862633363643334323164343437
63303863306134663461623566643639326431643134323834643231303530353966303930363132
64663235306339323434363061373030313231346566376562316531386562333862383139646437
34383663356537373465363663383333633338643633316330656436316161396236303633393430
63333962323932636532616565633564343732333861363638656530323736393562356365656636
63316461663339626263623236333864646635326366343362613631383736616533306531343662
33383130386561383266646631643763633761346231633661363833633833613334363232323133
31323533646565353939303265623633643038363335663133323534633438373035633564323537
30636133303561306534383536333964633934646663366636326130303465303336646161653264
38376239653137363834326433346138343964646631303761343139386565616333383437366561
30376534383539356439356435376665316631376432613934313732393964646631383466303734
33386231646531626333313364643532663763666537386230326363663262303336656663653638
61623432623233323239623531666562336537343066623235383137316235663632633934626637
38616230663832353731393261316163646235353234646438623338633065396139336338346464
66363637653135633566636130383064653733373633666435376533643037613364353437653238
34653735303636646363313130393234343830643735303835383266616336656533633061383465
36663961323136616435633839306330646133653233633137623765373562343133633665623430
62336132616131623663623937393232316465343736626433613330373230336236396232306635
35373830363962303232633937656335633839383637333131373731333962306532303132626231
38323332616133313561363163653965333565396162373135613964323039333134333139336437
33373737326264373936656330663135636235326566356563383163343466663361396166633965
64373532396534383134316364643361326438386332343165323766303838306137303936646263
32613731626230313331316131376438653166636362303266343932663263633436633564393033
33666336353730623964323665666431373234346639653230666437303765343866653465633137
33303433303866643536626632396466383231333565383962643734386130353165663262316438
39663931323363306132353766333364353036373936386231313135366637626135313233343866
62636664626535363566353033343232376339613537393135643265343838623834383364303038
38353032343234373730343133393166613333313431633837336137333037333034353431353332
37613937356332653536333866363861396332353666336233396535396164626337333939666132
66663361316165646535666163616532356230393831303866323539353137303065613634306439
64643630663465303962626236653464396239343033376666646133616233376466333239303766
38663438326530623732613166386630366662643732383365643339646634623163343734383030
35626132383633613335626332616138356465656335353435346638643866663231613563633332
64646637663561363731313831653663363333336165343264316235303936316438633936316636
36613238333564616562656333316334616362356135333331626132353064346163313435303035
34666335343434363330616631623838643233333966663761303837613938663036623063366362
31323466353265643062313162656362303739623434653631373030363861343464306433626232
30383762346138386338336431346132306633343361616661633730386563383037643134643834
32373037643839353332663835363730363933613030356137316462636438636165343064333063
38376234396135613731313534313762626130383935636530313061383037613235323434316132
35656161376663353233373132326563616634313636343761326631303532626166343335333366
66643461663761316637653966306532343334373766373366363433303862383433646538366264
30333063323762653062666265333565343766323932376332633236383165303236643237326665
38393236646363393863343261356434656564623136653134333563313137376630336261626531
61373732393531336561623738373233313264376132663964653239396235316638646262346339
33363635396161306230666233666561366431363665666665303837373236393736303963313239
62353235376161663235303435376236636566363439613262393961636662663564326238613336
63383235333963653737663965396661633637303663666563643064373966303631313935363062
37333430666162656134643830653832353033626338336435653238346562326664313765316464
38626537613563316361356131656434353032656161313965313566306438633837333634643263
37666236666337306562383864613266656339623232636166653333663638343239383039383562
37666634326335623764356331663966323232613631613939363162386361306138646363653335
37623239383162343466343761396466613364616264366166326331363132623336393031326139
38313337343534646361353831613263623938376462386561333762323837306566613364373962
38623435663036313366333539623566613563383765396639613530316535646163653165316330
30356535353732663938656633346236323136306664356336333561623831663164316464653861
64633939386439356230366638393864393262303735353461313662653164323337393764643265
61376333353234346261616330366532396230393666613165336337613061323739643461393033
32656264653732343230653865363038373530623465613130616331346337333036333263393564
30613665343536656463343537613933323666313935646234366238363932353263303164333937
62616264333335623363643438623762346564363832623032323364313561626432336265616633
63623139666536616161393265343037376265393364373634306363666264396461383264653865
63323833613064306261666564656639616535646664356335633764343862316564663439396432
37366231636334663335313532306133393232333564653636626463646466633864376538616566
36643136363639356461666332343630653237373664663662616239656236366466343930363532
37323866363961336261343966346630373032343166323062333861323335313138316566633030
65333130323536313464386630623663653939343439396330383937326630316436386462366636
32373834393136343864396263653638646332626366643932353931633830393662646565623738
61666139353061636131636662303031323163633338316539393732633034356638373031393234
36646534363366383161616332386336376435393563396264633837326564636230386361313233
62336137646138633732316462303439653766306362376632396436303066353061303363613362
38313839663562633630383638313365666164336264393132663365303136346638306437333665
36636631343232346665663439386336353361376561626538373530366237363030303736356163
33313733633330666135356239636361646332383263323961386438656662666663313262306636
31313132363235366632323237363036336665316331393636636365326665323065353562653734
66636662383133353533373731346435626562353137623561633238353532653233316466633532
36386537646562316462313764353062666135626433356565313737306466663135613035363639
34306530306134356432616261636665653533656134313133336366626332323665313663363632
37313461323530633536313234376432613032616634343664303666393939393635346363353864
37333039386232346535656239386339653930336562376233386561623637323463316130643434
34633031646233386436663464643734336365376363303030383262633332366130613062663163
61643838356133363834343536303465653430333735306231373336326464623238326135613461
32336538653761653739656662653339306537393637376662353435373537613731643163353463
34353031373030346131303437316263623563303563376462363064333630366162326231616632
32656435636433336563316634363537333132383661666630323465353330363539636561336564
33356161633034653032323230313761363561366164356664336264343461306561306137353930
31623434386664373962656331636163656234623839656637656637623039383466363634313363
63346161613336303738613166613065383039343665363534636534323830306439316533623930
63336330323763396462313432313834636464626531343262643136316332373262343634663739
62363161643362646231646436656164393665313465306236636634633763623432393737383433
66623461613131326664626334326464323765353639393262363966343063623233393861323736
63313538613635393039313465386164383537626230616166393533333362643566613935363265
30646361666437623433343034373336626636663866623235323136306664316135323065626432
63666534383164363835346637393639623165333539656265663730323434363437343437653835
36323637363862393632326664643266353662623661323138303033303339626635666365643932
66663337306230393134623436633630653762653330353564373131313738373066616635383361
33616533396565626232303431646534663639313161636339313937313531316364366163333136
64386437323931623738346263383037346539343266633330633334323136653839653630373362
34323536343264613430636136396364353462313237663666346132646139643938393439353238
38656164356166666631393835613739313134636263313930646363646261653535366463643730
64373130326161626638616661663561363132656339646332396661313937333933366138623039
38343066633562326137343866663066393333653536306537346563663061633935656239343732
64633262633863633066363463643263383262613732306639386131376561346539373335343234
35383065666633633138336663303435643332313730636332366334623431366332636464613463
32653233666333306131656338313038643563363639346264343263636539393736316363366632
36353633393831373366663164653935623138353862306638656661346462623739613535643435
63643463343934623038626461313464636534666664643639316664366235346164386130323837
62343538313131386232313230656134616332613339613966363061326235353136323761353232
35653838663233336266326634373432336562333933313334653162663138333062373932366534
32616165313165616262396664393138373766383866366531333439386339313037653266396134
30646461373031316439643937653935633366343864323665346265313338326663303436353366
64346461343333636439643461613564363939313265313736373766633664306534303939396138
33393933306430343964353364333433393038376331323834363663343463343331323537306565
31316638313631663238636465303430613235333933663430653034336564663564653132303765
61623034323364396236643639313064323237333832393736353731633938323532393832393932
31333765396334346639383136653036373537663235666262623637633336623239666534326439
61626662306634383063616439663939336636376334383766303532373363616434303839613130
33386537653535666264326239306661356663613965626231616535383638666436393064653730
30646439323663333762626566656334303165343233653933333534643065393938626363306162
65393032663839646232366230633934343364313730303138353536373032393161393536646164
63613339396334363636396561363561363631376330343635306261626439643331363566316562
30363738646630373165376239336235356233353230313561343331666331623131636135626636
35333034633335626563303963656462633037356331653835303339316532663666616530373439
63396634353361343437393762383035323836313564306434376133626238343831623931373765
32643737353136323933643864356631333532393962366134313461373631616133666131303936
38616562326436313533613465636433623162353864333139643231656364346230363935646138
61366661393165373131386433663066623234353634356233613634316535353661376664623130
63303532313062343038346538353934323938636565303435613935326538343465336534326639
63336638623535393834376533353861366633346532313931623434666134613730316663666561
30366337386236313836366130393532663433346562613337383339333539616435313530306138
37363862643735663061633166376135363765333638396333383531376339326265616433393731
63316634396438626261363761393234396537623531373533303365653363396131303634383761
36636162316364616162336337636139343630356165356132393663626431393031303632656130
34646539356535373736623966383861303836316239643735636637363762323333366533613361
35646635643931393066333036663938313933666463616164343030393966653235353862363432
30616263646136643663356530633138353563376565373163356333393563626130343231616663
32653830373163396439633761353836623536396132366535643333313565383062316665643134
35653064613537363333303033653261316264323961303230623565383539333234616566363734
61656434656330383539656234333336383635333839386430663838666638616566663135316362
37626636336434346466373765663465396638356236373933366231613438623830656334323032
31626264366465656339656334656666393136353335393866306437613466316164366365613965
39386463353937383762363333643736326564376135336261663833353264653464336139383039
61383064636463336131623830386137353738643464303834666364386363333635356462313366
64373939343536303164656462653638396131326263363533643162376331626639346334353764
65356132373836636534623536373138306531313436623838363034393966613466643931356331
34356134323863653932383138333961383738656337373363346462333538613361353938646539
31616362316132333666663335343564646230643636396330653838316136336637646432623363
37306234636139306366376464323262373265303333333065323739623633306264653462306239
64366463343239633735303038643437313539326638613632626639643765383165363831653364
33303431386661393362333236323731333836626665316631343130316665333761303264623239
32323634653538646536396639613861343436336163346632656462613839363862383336643933
36663663663239383330653161376130346562353131616436333462643563333835643234633630
62383136373239623433643366613439643666306530343731306635663730383832623630643164
61613039643635316662643135393232636637356163323465643962393063346434393163343266
31646538653130383163306536396565313164323065333638353433356565303563666133323235
32646162346238396366313438353462653463396133633130633739366131393539616338306265
31386635383264356234326364663661656166343265636331306663623930356435363932376563
37626436393935326632636233373565386231363761376239333161656639646238306164666261
63343765356663333866613332663039613130383865633333396533306132383636323137303636
63613561626539313436643334363765666434386363656333323236623639616336316236373536
62646234373465623139613132653431386264633561376232386463376666626363646661326531
39323966323561363831306330636165366132386561623735393034336636363239323566656532
61366434666534363337626439376361343237343632643530346362376536323433396234626636
37643837333438656432316564653362663066303137353164646661383130393863393234323766
65366236353363386438623037623339323336616536316633363861383765363630363265316538
63393836333139323433326165633363613165623330666365656262356137346466363961313263
61646135366263343263663464356430653232353933653861636439373634333834343530333031
32353937343736343833326433356531613265306331643566653036393335333464623561663138
34393663313866396130313338363961323364666436383364663732313732333936353637303664
33313630376563393463663061643435323635353764316632366339386662666435376663386633
30336566313630366464323435666431313830663931316537333262646466353361336663323964
30383435363138306233333433326265643035383164643433303461326139646537663936313137
33386633366230633135306562643035323537333637306332313362306234376466383031316436
34396232323539623335376366656361356639626464326331376563356432656537656565343536
66643761663061346430656365666433656534396633353834313133393964383038653836376563
36616661383463613938346537633634633865623364336361626134643834613831313831323963
61623432353733343130663435303337373063393233363833363964643663353265653165656463
33383932313866326265626638666338623732376165643033633536616564303637366331616237
66646462333931636266393334336435626239363566663164376639313434326461386136663563
64383339306435626531636366663337636361353930376164313331303763383565396534366565
37383130323965366231393238616235353431663838613361333039386161333764303666313434
38326435346238636230643238383935653036383664363937313665306439303161626537653165
64393036646535353464363962633138376435656333666533343863393366643133303630613466
34646366613265323462613333393033386632313937633864376634646233626330323635343733
32316535653333323833623033656161383434393639356235393831363563363135313563643938
33356661343365366437663936656537386130323732666537663332323931646661363633376331
65666566663833633361366436363962653439303234303733613630343339326234666465386163
63333437336263303964323664363565613738343735336665306333626434373335306631393837
33343237343766356531376533613730646339333931316337393431356163633232393232356162
35633265366237646130383938303539363930336361383136623632343730653736366332363061
61636332313434653931373265353364623166646434373439303862343063336563363639663664
31376364646237626430333335643639623864336266323933633065336565633566386361313030
31383730386564343130613337343862303131646130663965626465356463653936393938333639
30353962336162306138643530663565336431343964663533666337643666373263653366616134
62313335396234333262656161633966336662316334366562646164333366343137393066393664
30383233316566646663326661613136313963333734393363396635323931653734313839383933
32636261616338356463353766363138323461656264636435323066653739653231383663636136
33613565653931383630343734313066666635323462343566383738663164393662643464373239
35643136626637316535613338356332363762663831396330643139316539383266396139363233
62396233653537656530396265663531616465373331616665323261373361633431373665323136
39346234613436363566366435303137326661396232373234303366333134303761393836316532
39353530633339616635313737363630306162306165353537633963643433353764353364623961
62363034373230343532626366653635396565353038646636323364346232666464303332653063
34386163653965303035313939636566353435653362666132343065626132613035656133666531
32636366623061323865326462323662343365613037616236376463346261653034306637353765
34623061643030393231653636396262326164383130306334376465306238613462333466393961
36666463306664356666383133306230646131623835613761326335333237303234653432653436
39633266346464386631663434313436323435633732663266393261666266616536633234346463
32663135366536656339346236306631383461383031663431643363656639623863333136326438
62333830656530323261353866313166306362303665636566656439656233633736663935373762
38653366356537663538326638663665386231656565396263623239643933333865616165643032
31383266666561623561653536663132613832363638376162663066366130376633383666633562
37306230626638396539313536663736626265613237666261623433363966633432313332633131
36306638656338393530376235383666363365663732376563353162386433336565626231363664
32366236393934363734386561323461353065343033313661313264303866626435633934323537
33326439613231616265386164356165616535613733303961303861336333376337646535633865
39383139613233303738383034373433383264643434376565393036336263653832383966343961
30356231313765346266613066363631333534313165323339363162613835316265636539396332
61303233646234323532303138316430356464333237636564663363643130613039636664363138
34383465616637366266636532643565643165303730373666326433623965366537323837356238
64336637336130316133663563656535303363313165333965316230656263366162343135343963
36303035633133336237643961623630623133333836633566643864623933306531313262353865
39366362316165373531316465313632373031623333373665383433653262616463333339356530
39636361323639626634303764366638313364636133336230623536613166623361353362343265
36646630343030623538393237316637323733636166613036393532343634373564356566343632
65613434363430323736396231373862316537633966363635656666386563656661656236393039
37353431316339613862633164333533333965363634623935386137343833393439653161663633
62393962363862646331623466623437306231376161356438613434656264343031656638663738
33633763333731333965373031333061396131383164663035383966623633393038313032303639
36363462636262613362626630316461656365393636653966353331353566343931653131316165
35396131666366383432633466396365366261623230613834383762376335373131326334646230
32316165363861386438613936633464333539376262383136363763646437616335336132383763
63383661316663663431616439643136616632656431303732333530306334343930343462646666
37356231363363646430656165376563663637363031376462643135666664613162333937643634
38646535303639306230363137646433386661666133313061653232643036613937653334616662
34623037653535646466396137353061393364326461353365343266386338336663636233363338
39396432613039323863663136303039613236313633363637623966613635333232643233386330
33336263626663623534663037353633303331343464643230656432633962316532303164326134
62353232326431653766363166313562626537336337623738623962373730613462396266303639
32643332393634326431336266666430653664346666343032333631306639383564663936613139
35383164353532313838623364306162386434386266386363313230386438376531333630333234
63303861636537626164373063343464313163376537326235326164663735313664326138356238
36663166383861363162633566363836336163363935386465363835363331306132643935613237
37666562643034373233376436373862343035363032623161313536326462633962303339636336
34323665313965326263333333663138333261333762626462396266396138613533633738393734
64663333623963666161656630376662626536376537363539383434333938646435663238303835
66356635376535373031366231333761636338336161303437396262656230653036333438303564
65313565633862326634653232333662386232613735353431646334366533663562313234376339
39333131316639383863366363653534323764386166326134643639316161303231656464363337
35653731303761303935383461386164333437396539323866663566396238316631356430396335
34306530626330363439343537343830336637373638383965376331323564366661386530653265
32343761616266646463393261366232346162303765366365356164383833646664383432333633
38313061633738623164303764323631303035393235666562373464393031653531323330656234
35333930663235643364383133316433396430646430333266663432363236626439613861393861
65366338303231303738616261333137623562393938363535383635386462396532386136623065
36336161353134363639653333303362323433313538363030363932623063323234383338376364
32653737356132313035346337343866653030353432396364303433386263633532663238393464
65323936373932653033343265306634366461343339323964313837663834323931376630623633
35383938336334643763
