$ANSIBLE_VAULT;1.1;AES256
62396265663863333066633137636162613538396231386538653061343634663334396136333663
6134633739363363653065386265306432656361613935320a303238653361383233333862353463
66636263613630666439623133396362663732626439343635666164623231656139626236356438
6438616339313761640a356238303837306235356339333038393564356639323363616335663734
39346432333932326461376132623530346330396361383137326234396234666365386637653130
61613531313436336237323362613438383936303335366138653337663332356464343964633338
39663737343333653431366331333335373863383862393133396333393731343363373832316432
38653961656238343561646230623230333730373965393565663566626631383332366238336465
34393431303732623962623161313330666130316638383834383735363637333136656431353038
32343839303039326332353664303930383031626563663936323365383933396662383264653634
323065633539636233343764636635633733
